{
  "accessors": [
    {
      "bufferView": 2,
      "componentType": 5126,
      "count": 4751,
      "max": [
        4.243589878082275,
        0.8974699974060059,
        5.483580112457275
      ],
      "min": [
        -4.282879829406738,
        -7.629000186920166,
        -5.235770225524902
      ],
      "type": "VEC3"
    },
    {
      "bufferView": 2,
      "byteOffset": 57012,
      "componentType": 5126,
      "count": 4751,
      "max": [
        0.994782030582428,
        0.999313235282898,
        1.0
      ],
      "min": [
        -0.9995723962783813,
        -0.999313235282898,
        -1.0
      ],
      "type": "VEC3"
    },
    {
      "bufferView": 1,
      "componentType": 5126,
      "count": 4751,
      "max": [
        0.9988099932670593,
        1.0019400119781494
      ],
      "min": [
        0.00406000018119812,
        0.002240000059828162
      ],
      "type": "VEC2"
    },
    {
      "bufferView": 0,
      "componentType": 5125,
      "count": 26880,
      "type": "SCALAR"
    }
  ],
  "asset": {
    "extras": {
      "author": "Slime103 (https://sketchfab.com/slime103)",
      "license": "CC-BY-SA-4.0 (http://creativecommons.org/licenses/by-sa/4.0/)",
      "source": "https://sketchfab.com/3d-models/starbucks-paper-cup-6b8c2c26639f441cb936801ec6b7490e",
      "title": "Starbucks Paper Cup"
    },
    "generator": "Sketchfab-12.65.0",
    "version": "2.0"
  },
  "bufferViews": [
    {
      "buffer": 0,
      "byteLength": 107520,
      "name": "floatBufferViews",
      "target": 34963
    },
    {
      "buffer": 0,
      "byteLength": 38008,
      "byteOffset": 107520,
      "byteStride": 8,
      "name": "floatBufferViews",
      "target": 34962
    },
    {
      "buffer": 0,
      "byteLength": 114024,
      "byteOffset": 145528,
      "byteStride": 12,
      "name": "floatBufferViews",
      "target": 34962
    }
  ],
  "buffers": [
    {
      "byteLength": 259552,
      "uri": "scene.bin"
    }
  ],
  "images": [
    {
      "uri": "textures/starbuckspapercup_baseColor.png"
    }
  ],
  "materials": [
    {
      "doubleSided": true,
      "name": "starbuckspapercup",
      "pbrMetallicRoughness": {
        "baseColorTexture": {
          "index": 0
        },
        "metallicFactor": 0.0
      }
    }
  ],
  "meshes": [
    {
      "name": "Starbuckscup1_0",
      "primitives": [
        {
          "attributes": {
            "NORMAL": 1,
            "POSITION": 0,
            "TEXCOORD_0": 2
          },
          "indices": 3,
          "material": 0,
          "mode": 4
        }
      ]
    }
  ],
  "nodes": [
    {
      "children": [
        1
      ],
      "matrix": [
        1.0,
        0.0,
        0.0,
        0.0,
        0.0,
        2.220446049250313e-16,
        -1.0,
        0.0,
        0.0,
        1.0,
        2.220446049250313e-16,
        0.0,
        0.0,
        0.0,
        0.0,
        1.0
      ],
      "name": "Sketchfab_model"
    },
    {
      "children": [
        2,
        4,
        6,
        8,
        10,
        12
      ],
      "name": "Root"
    },
    {
      "children": [
        3
      ],
      "matrix": [
        -0.29086000000000006,
        0.9551700000000001,
        -0.05519000000000001,
        0.0,
        -0.7711,
        -0.19988000000000003,
        0.6045200000000001,
        0.0,
        0.5663900000000001,
        0.21839000000000003,
        0.7946700000000001,
        0.0,
        4.076250000000001,
        3.7833400000000004,
        1.7045700000000001,
        1.0
      ],
      "name": "Lamp"
    },
    {
      "name": "Lamp"
    },
    {
      "children": [
        5
      ],
      "matrix": [
        0.5183099999999999,
        0.0,
        0.0,
        0.0,
        0.0,
        0.5183099999999999,
        0.0,
        0.0,
        0.0,
        0.0,
        0.5183099999999999,
        0.0,
        0.0,
        1.7848100000000002,
        2.72746,
        1.0
      ],
      "name": "Starbuckscup1"
    },
    {
      "mesh": 0,
      "name": "Starbuckscup1_0"
    },
    {
      "children": [
        7
      ],
      "matrix": [
        -0.05157000000000001,
        0.9656500000000001,
        -0.25468,
        0.0,
        -0.9136400000000001,
        -0.14859000000000003,
        -0.37839000000000006,
        0.0,
        -0.40323,
        0.21318,
        0.8899200000000002,
        0.0,
        -4.82123,
        3.82095,
        14.9393,
        1.0
      ],
      "name": "Sun"
    },
    {
      "name": "Sun"
    },
    {
      "children": [
        9
      ],
      "matrix": [
        -0.31019,
        -0.3848500000000001,
        -0.8693000000000001,
        0.0,
        0.9139400000000001,
        -0.37245000000000006,
        -0.16123000000000004,
        0.0,
        -0.26172,
        -0.8445,
        0.46726,
        0.0,
        -3.8326899999999995,
        -8.455210000000001,
        6.69276,
        1.0
      ],
      "name": "Sun.002"
    },
    {
      "name": "Sun.002"
    },
    {
      "children": [
        11
      ],
      "matrix": [
        -0.29086000000000006,
        0.9551700000000001,
        -0.05519000000000001,
        0.0,
        -0.7711,
        -0.19988000000000003,
        0.6045200000000001,
        0.0,
        0.5663900000000001,
        0.21839000000000003,
        0.7946700000000001,
        0.0,
        -5.614459999999999,
        -1.88709,
        2.78845,
        1.0
      ],
      "name": "Lamp.001"
    },
    {
      "name": "Lamp.001"
    },
    {
      "children": [
        13
      ],
      "matrix": [
        0.04150000000000001,
        -0.40848000000000007,
        -0.9118200000000001,
        0.0,
        0.6858000000000002,
        0.6753200000000001,
        -0.27132000000000006,
        0.0,
        0.7266000000000001,
        -0.6140700000000001,
        0.30817000000000005,
        0.0,
        6.627019999999999,
        -5.965260000000001,
        5.03041,
        1.0
      ],
      "name": "Sun.003"
    },
    {
      "name": "Sun.003"
    }
  ],
  "samplers": [
    {
      "magFilter": 9729,
      "minFilter": 9987,
      "wrapS": 10497,
      "wrapT": 10497
    }
  ],
  "scene": 0,
  "scenes": [
    {
      "name": "Sketchfab_Scene",
      "nodes": [
        0
      ]
    }
  ],
  "textures": [
    {
      "sampler": 0,
      "source": 0
    }
  ]
}
